idf
4.727387818712341
4.24188000293064
4.034240638152395
3.671335144463027
4.727387818712341
3.1179499062782403
3.8110970868381857
3.405631978730021
3.9736160163359604
2.89480635496403
3.9736160163359604
4.609604783055957
3.169243200665791
3.5487328223706944
3.9736160163359604
3.3728421559070303
3.9736160163359604
3.9164576024960116
3.628775530044231
4.504244267398131
4.504244267398131
3.4746248502169728
3.4395335304057024
5.1973914479580765
3.9736160163359604
3.4395335304057024
4.504244267398131
3.0226397264739155
3.8623903812257363
3.5879535355239756
4.321922710604176
3.8110970868381857
3.5487328223706944
3.628775530044231
4.167772030776918
4.24188000293064
3.0932572936878686
4.609604783055957
5.015069891164122
3.8110970868381857
3.628775530044231
4.0987791592899665
3.195911447747952
4.321922710604176
5.1973914479580765
4.0987791592899665
4.167772030776918
3.4395335304057024
4.609604783055957
3.5879535355239756
3.34109345759245
4.408934087593806
4.167772030776918
4.609604783055957
3.3728421559070303
4.24188000293064
3.9164576024960116
3.280468835776015
3.5109924943878474
4.034240638152395
4.727387818712341
4.504244267398131
3.5109924943878474
4.504244267398131
4.0987791592899665
2.695955496218865
4.0987791592899665
5.420534999272286
3.7623069226687536
4.8609192113368636
3.7623069226687536
3.34109345759245
5.015069891164122
4.0987791592899665
4.504244267398131
3.8623903812257363
4.8609192113368636
4.0987791592899665
4.24188000293064
3.9164576024960116
5.015069891164122
4.0987791592899665
5.1973914479580765
3.4746248502169728
4.727387818712341
3.8623903812257363
3.628775530044231
4.0987791592899665
3.671335144463027
3.9736160163359604
4.504244267398131
2.679694975347085
4.408934087593806
4.034240638152395
2.8365374468400546
3.280468835776015
4.24188000293064
3.9736160163359604
4.034240638152395
3.8110970868381857
3.628775530044231
3.628775530044231
3.7157869070338605
3.4395335304057024
3.8110970868381857
3.4395335304057024
4.24188000293064
3.4746248502169728
4.321922710604176
4.24188000293064
4.727387818712341
4.408934087593806
4.408934087593806
3.628775530044231
4.24188000293064
4.0987791592899665
4.167772030776918
4.609604783055957
4.408934087593806
3.7623069226687536
3.3728421559070303
4.8609192113368636
4.0987791592899665
3.628775530044231
3.8110970868381857
3.8623903812257363
3.8623903812257363
4.0987791592899665
4.504244267398131
4.0987791592899665
4.0987791592899665
3.3103217989256963
4.034240638152395
3.405631978730021
4.8609192113368636
3.4395335304057024
4.167772030776918
4.321922710604176
4.609604783055957
4.8609192113368636
4.504244267398131
4.408934087593806
4.167772030776918
3.7157869070338605
3.9164576024960116
3.9164576024960116
4.8609192113368636
3.9164576024960116
4.727387818712341
3.8623903812257363
3.9736160163359604
4.034240638152395
4.034240638152395
4.034240638152395
4.408934087593806
4.0987791592899665
4.8609192113368636
3.280468835776015
4.321922710604176
4.034240638152395
4.167772030776918
4.609604783055957
3.9736160163359604
3.8110970868381857
3.9164576024960116
4.609604783055957
3.7623069226687536
4.609604783055957
3.5879535355239756
3.9164576024960116
4.609604783055957
4.321922710604176
4.408934087593806
4.0987791592899665
4.727387818712341
3.9736160163359604
4.321922710604176
3.8623903812257363
3.5109924943878474
3.7623069226687536
3.5109924943878474
4.408934087593806
4.034240638152395
5.015069891164122
4.167772030776918
4.24188000293064
4.8609192113368636
4.0987791592899665
4.0987791592899665
4.034240638152395
3.671335144463027
3.9736160163359604
3.628775530044231
3.5487328223706944
3.9164576024960116
3.8623903812257363
5.015069891164122
3.5487328223706944
3.8110970868381857
4.167772030776918
4.0987791592899665
3.7157869070338605
4.504244267398131
3.8110970868381857
3.628775530044231
4.609604783055957
3.4746248502169728
4.504244267398131
4.609604783055957
5.015069891164122
4.167772030776918
3.7623069226687536
3.8110970868381857
4.167772030776918
3.9736160163359604
4.0987791592899665
4.408934087593806
3.9164576024960116
4.321922710604176
3.9164576024960116
3.9736160163359604
4.408934087593806
4.408934087593806
3.9736160163359604
3.8110970868381857
3.7623069226687536
3.34109345759245
3.7157869070338605
3.9736160163359604
3.8110970868381857
4.504244267398131
3.045629244698614
4.167772030776918
3.8110970868381857
3.8110970868381857
4.167772030776918
3.9736160163359604
4.034240638152395
3.5879535355239756
4.504244267398131
3.9736160163359604
4.321922710604176
5.015069891164122
3.9164576024960116
4.034240638152395
3.628775530044231
4.167772030776918
3.5487328223706944
5.015069891164122
3.628775530044231
4.408934087593806
3.5109924943878474
4.24188000293064
4.408934087593806
4.609604783055957
3.9736160163359604
4.0987791592899665
3.9164576024960116
3.045629244698614
4.504244267398131
3.9736160163359604
3.671335144463027
4.321922710604176
3.9164576024960116
3.8110970868381857
3.9736160163359604
4.0987791592899665
4.0987791592899665
4.408934087593806
4.24188000293064
4.609604783055957
4.321922710604176
4.0987791592899665
3.14326771426253
4.609604783055957
4.24188000293064
3.7623069226687536
3.4395335304057024
5.1973914479580765
4.609604783055957
3.169243200665791
3.3103217989256963
4.727387818712341
4.24188000293064
4.167772030776918
4.0987791592899665
4.24188000293064
4.609604783055957
5.015069891164122
3.34109345759245
4.321922710604176
3.8110970868381857
4.167772030776918
4.167772030776918
4.24188000293064
3.5109924943878474
5.420534999272286
4.504244267398131
3.8623903812257363
3.9164576024960116
4.321922710604176
4.034240638152395
4.8609192113368636
4.0987791592899665
4.034240638152395
4.408934087593806
3.628775530044231
4.321922710604176
4.504244267398131
4.167772030776918
4.609604783055957
3.34109345759245
3.7623069226687536
4.727387818712341
4.321922710604176
3.7157869070338605
4.727387818712341
4.034240638152395
3.9736160163359604
3.8623903812257363
3.8623903812257363
3.8110970868381857
4.408934087593806
3.4395335304057024
5.015069891164122
5.708217071724067
3.9164576024960116
4.0987791592899665
4.167772030776918
3.9736160163359604
4.408934087593806
4.24188000293064
3.5879535355239756
3.9736160163359604
4.8609192113368636
3.5109924943878474
3.628775530044231
3.7623069226687536
4.408934087593806
4.321922710604176
3.405631978730021
3.9736160163359604
3.000166870621857
4.8609192113368636
4.609604783055957
3.5109924943878474
3.9736160163359604
3.2233104219360666
4.167772030776918
4.504244267398131
3.628775530044231
3.9736160163359604
4.0987791592899665
4.408934087593806
4.408934087593806
3.7623069226687536
4.167772030776918
4.167772030776918
3.9736160163359604
3.671335144463027
5.420534999272286
3.9736160163359604
3.5487328223706944
4.8609192113368636
4.034240638152395
5.015069891164122
4.609604783055957
3.8110970868381857
3.9164576024960116
4.727387818712341
4.609604783055957
5.015069891164122
4.034240638152395
3.9164576024960116
4.321922710604176
3.8110970868381857
4.0987791592899665
4.609604783055957
4.167772030776918
3.7157869070338605
3.671335144463027
4.321922710604176
4.321922710604176
4.321922710604176
3.5879535355239756
3.8623903812257363
4.408934087593806
4.408934087593806
4.408934087593806
4.8609192113368636
3.671335144463027
3.7157869070338605
3.8623903812257363
4.727387818712341
5.015069891164122
4.504244267398131
4.727387818712341
4.408934087593806
4.727387818712341
3.9164576024960116
4.8609192113368636
3.628775530044231
4.321922710604176
4.8609192113368636
4.034240638152395
4.504244267398131
4.0987791592899665
4.24188000293064
4.609604783055957
4.24188000293064
4.727387818712341
3.8623903812257363
4.727387818712341
4.0987791592899665
3.9736160163359604
5.015069891164122
5.015069891164122
4.609604783055957
4.0987791592899665
4.167772030776918
4.034240638152395
4.408934087593806
4.609604783055957
3.671335144463027
4.8609192113368636
4.609604783055957
5.1973914479580765
4.504244267398131
4.504244267398131
3.7623069226687536
3.628775530044231
3.8110970868381857
3.9736160163359604
4.167772030776918
3.069159742108808
4.504244267398131
4.167772030776918
3.4395335304057024
3.9164576024960116
4.504244267398131
4.8609192113368636
3.7157869070338605
5.015069891164122
3.4395335304057024
4.504244267398131
4.609604783055957
4.034240638152395
3.8623903812257363
4.321922710604176
4.321922710604176
4.609604783055957
4.167772030776918
4.408934087593806
3.8623903812257363
4.8609192113368636
4.727387818712341
4.609604783055957
4.8609192113368636
4.609604783055957
4.408934087593806
3.7157869070338605
4.504244267398131
4.321922710604176
4.24188000293064
4.0987791592899665
4.24188000293064
6.113682179832232
5.015069891164122
3.671335144463027
4.24188000293064
5.708217071724067
4.0987791592899665
3.7157869070338605
4.24188000293064
4.321922710604176
4.504244267398131
3.9164576024960116
4.408934087593806
5.015069891164122
4.0987791592899665
4.24188000293064
4.504244267398131
4.408934087593806
4.8609192113368636
3.7623069226687536
3.9736160163359604
4.0987791592899665
4.167772030776918
4.8609192113368636
2.9781879639030815
4.408934087593806
3.9164576024960116
5.015069891164122
5.015069891164122
4.8609192113368636
4.609604783055957
4.8609192113368636
3.671335144463027
4.167772030776918
4.034240638152395
4.321922710604176
4.167772030776918
4.034240638152395
4.408934087593806
4.8609192113368636
6.806829360392176
4.321922710604176
4.504244267398131
3.7623069226687536
4.034240638152395
3.5879535355239756
4.24188000293064
5.1973914479580765
5.015069891164122
5.015069891164122
4.504244267398131
4.167772030776918
4.609604783055957
3.628775530044231
4.321922710604176
4.408934087593806
4.321922710604176
3.9736160163359604
4.167772030776918
4.321922710604176
3.8110970868381857
5.015069891164122
4.321922710604176
4.24188000293064
3.9164576024960116
5.015069891164122
3.8110970868381857
4.609604783055957
3.9736160163359604
4.034240638152395
4.504244267398131
3.671335144463027
4.034240638152395
3.0226397264739155
4.034240638152395
4.504244267398131
4.034240638152395
4.034240638152395
4.727387818712341
3.34109345759245
4.609604783055957
4.727387818712341
3.8623903812257363
5.1973914479580765
4.727387818712341
4.8609192113368636
4.727387818712341
4.504244267398131
3.5879535355239756
4.321922710604176
4.609604783055957
4.8609192113368636
4.408934087593806
4.609604783055957
5.015069891164122
4.727387818712341
4.0987791592899665
4.504244267398131
4.609604783055957
5.015069891164122
4.727387818712341
4.167772030776918
5.420534999272286
3.9736160163359604
4.727387818712341
4.034240638152395
4.504244267398131
4.504244267398131
3.7623069226687536
3.8623903812257363
4.609604783055957
4.727387818712341
4.321922710604176
4.0987791592899665
4.504244267398131
4.167772030776918
5.015069891164122
4.24188000293064
3.9164576024960116
4.8609192113368636
4.504244267398131
4.0987791592899665
2.855585641810749
3.4395335304057024
5.015069891164122
4.321922710604176
4.321922710604176
4.321922710604176
4.034240638152395
3.9164576024960116
4.8609192113368636
4.034240638152395
3.9164576024960116
3.8110970868381857
4.609604783055957
