idf
4.321922710604176
5.015069891164122
3.9164576024960116
4.408934087593806
4.727387818712341
4.609604783055957
3.5109924943878474
3.045629244698614
3.628775530044231
4.609604783055957
4.727387818712341
5.1973914479580765
4.034240638152395
4.24188000293064
3.8623903812257363
5.015069891164122
4.034240638152395
4.609604783055957
4.0987791592899665
3.1179499062782403
3.9736160163359604
4.408934087593806
4.0987791592899665
3.628775530044231
4.727387818712341
4.504244267398131
4.504244267398131
4.0987791592899665
4.321922710604176
4.408934087593806
3.4746248502169728
3.5487328223706944
3.5109924943878474
2.89480635496403
3.628775530044231
4.8609192113368636
4.727387818712341
4.8609192113368636
4.408934087593806
4.8609192113368636
4.0987791592899665
4.321922710604176
3.9164576024960116
4.321922710604176
3.280468835776015
4.609604783055957
4.24188000293064
4.0987791592899665
5.015069891164122
3.8110970868381857
4.408934087593806
3.8110970868381857
4.24188000293064
4.504244267398131
4.034240638152395
3.628775530044231
4.408934087593806
3.5109924943878474
5.1973914479580765
3.9736160163359604
2.89480635496403
4.167772030776918
3.5879535355239756
3.8623903812257363
4.504244267398131
3.280468835776015
3.7623069226687536
3.628775530044231
3.7157869070338605
4.408934087593806
4.034240638152395
4.321922710604176
4.609604783055957
4.167772030776918
4.504244267398131
4.034240638152395
3.8623903812257363
4.8609192113368636
4.8609192113368636
3.8110970868381857
4.408934087593806
4.167772030776918
4.0987791592899665
4.321922710604176
4.034240638152395
3.8110970868381857
4.609604783055957
4.727387818712341
3.671335144463027
3.14326771426253
3.9736160163359604
4.167772030776918
3.3103217989256963
3.0226397264739155
5.015069891164122
3.7157869070338605
4.24188000293064
3.7623069226687536
4.8609192113368636
3.9164576024960116
3.8623903812257363
4.727387818712341
4.727387818712341
4.504244267398131
3.280468835776015
3.5879535355239756
4.167772030776918
3.9736160163359604
5.420534999272286
4.408934087593806
3.8623903812257363
4.727387818712341
4.504244267398131
3.5487328223706944
4.408934087593806
4.034240638152395
3.628775530044231
3.9164576024960116
4.321922710604176
4.504244267398131
3.9164576024960116
4.8609192113368636
4.0987791592899665
3.5879535355239756
4.034240638152395
3.8623903812257363
4.504244267398131
4.408934087593806
4.727387818712341
4.0987791592899665
4.167772030776918
4.167772030776918
4.167772030776918
4.8609192113368636
3.8623903812257363
3.7157869070338605
5.015069891164122
4.609604783055957
4.167772030776918
3.628775530044231
4.504244267398131
5.708217071724067
3.9736160163359604
4.0987791592899665
5.015069891164122
3.671335144463027
4.8609192113368636
3.7623069226687536
4.727387818712341
4.504244267398131
3.5109924943878474
3.8623903812257363
3.9164576024960116
3.671335144463027
3.9736160163359604
3.9164576024960116
3.9736160163359604
3.7157869070338605
4.0987791592899665
3.251481298902763
4.321922710604176
4.24188000293064
4.609604783055957
2.729291916486457
3.4395335304057024
4.321922710604176
4.408934087593806
4.034240638152395
4.0987791592899665
5.015069891164122
4.24188000293064
4.0987791592899665
4.504244267398131
5.420534999272286
4.321922710604176
4.321922710604176
4.609604783055957
2.7124847981700757
4.24188000293064
4.727387818712341
3.2233104219360666
4.8609192113368636
4.321922710604176
4.8609192113368636
4.504244267398131
4.167772030776918
3.671335144463027
3.9736160163359604
3.7157869070338605
5.015069891164122
3.4746248502169728
4.0987791592899665
3.9164576024960116
4.321922710604176
4.609604783055957
4.408934087593806
4.609604783055957
4.034240638152395
3.34109345759245
4.167772030776918
4.727387818712341
4.8609192113368636
4.24188000293064
4.609604783055957
4.8609192113368636
5.015069891164122
4.167772030776918
5.015069891164122
3.8110970868381857
4.321922710604176
4.8609192113368636
4.167772030776918
4.24188000293064
4.504244267398131
4.24188000293064
4.8609192113368636
4.034240638152395
5.420534999272286
4.408934087593806
4.0987791592899665
3.9164576024960116
4.609604783055957
4.504244267398131
4.24188000293064
4.167772030776918
4.609604783055957
3.9164576024960116
4.24188000293064
4.167772030776918
5.015069891164122
3.671335144463027
4.8609192113368636
4.609604783055957
3.671335144463027
4.8609192113368636
4.408934087593806
4.408934087593806
4.321922710604176
4.167772030776918
3.4746248502169728
4.8609192113368636
5.015069891164122
4.24188000293064
3.8623903812257363
3.7157869070338605
4.0987791592899665
3.34109345759245
4.504244267398131
4.609604783055957
4.167772030776918
3.9736160163359604
4.408934087593806
5.015069891164122
4.408934087593806
3.8110970868381857
4.8609192113368636
4.727387818712341
3.7623069226687536
3.9164576024960116
4.408934087593806
3.671335144463027
5.015069891164122
3.8623903812257363
5.1973914479580765
4.321922710604176
3.9164576024960116
4.24188000293064
4.034240638152395
4.504244267398131
3.4746248502169728
3.7623069226687536
4.8609192113368636
4.609604783055957
4.504244267398131
3.3728421559070303
4.24188000293064
4.609604783055957
3.7623069226687536
3.8623903812257363
3.7623069226687536
4.609604783055957
5.015069891164122
4.167772030776918
5.708217071724067
4.167772030776918
4.727387818712341
3.8110970868381857
5.420534999272286
4.321922710604176
4.408934087593806
4.24188000293064
4.609604783055957
4.034240638152395
3.7157869070338605
4.321922710604176
4.167772030776918
2.6479462770325046
4.24188000293064
3.7623069226687536
5.015069891164122
5.015069891164122
4.034240638152395
3.5487328223706944
3.8110970868381857
4.609604783055957
3.9736160163359604
5.015069891164122
5.015069891164122
4.321922710604176
4.504244267398131
4.167772030776918
4.504244267398131
3.9164576024960116
4.408934087593806
3.5109924943878474
4.0987791592899665
4.321922710604176
4.321922710604176
3.8623903812257363
4.24188000293064
4.0987791592899665
3.4395335304057024
4.408934087593806
5.420534999272286
3.7623069226687536
4.504244267398131
4.408934087593806
3.9736160163359604
5.1973914479580765
3.671335144463027
4.034240638152395
4.167772030776918
3.9164576024960116
5.015069891164122
4.8609192113368636
4.321922710604176
4.24188000293064
4.727387818712341
3.8623903812257363
4.504244267398131
4.0987791592899665
4.504244267398131
4.8609192113368636
5.1973914479580765
3.8110970868381857
4.504244267398131
4.24188000293064
3.3103217989256963
3.8110970868381857
5.015069891164122
4.167772030776918
3.9164576024960116
4.727387818712341
4.8609192113368636
4.408934087593806
4.167772030776918
5.015069891164122
4.034240638152395
4.8609192113368636
4.0987791592899665
4.0987791592899665
3.8623903812257363
3.7623069226687536
4.321922710604176
4.408934087593806
3.9736160163359604
4.504244267398131
3.9164576024960116
3.9164576024960116
4.167772030776918
5.015069891164122
3.2233104219360666
4.034240638152395
5.420534999272286
4.167772030776918
4.408934087593806
5.1973914479580765
4.727387818712341
4.609604783055957
3.8110970868381857
4.504244267398131
4.408934087593806
3.671335144463027
5.420534999272286
4.727387818712341
4.727387818712341
4.504244267398131
4.0987791592899665
4.727387818712341
4.034240638152395
4.408934087593806
3.9164576024960116
4.321922710604176
3.8623903812257363
3.7623069226687536
3.628775530044231
3.8110970868381857
4.8609192113368636
4.8609192113368636
4.034240638152395
4.0987791592899665
4.24188000293064
4.24188000293064
4.034240638152395
5.1973914479580765
4.8609192113368636
4.167772030776918
4.504244267398131
4.504244267398131
4.321922710604176
5.015069891164122
4.408934087593806
5.015069891164122
4.321922710604176
4.24188000293064
4.167772030776918
4.24188000293064
5.015069891164122
4.408934087593806
5.420534999272286
4.0987791592899665
4.609604783055957
5.015069891164122
4.24188000293064
4.167772030776918
4.504244267398131
4.24188000293064
4.727387818712341
4.504244267398131
4.8609192113368636
3.5879535355239756
3.7623069226687536
5.708217071724067
4.609604783055957
5.015069891164122
3.9736160163359604
3.4746248502169728
4.0987791592899665
4.321922710604176
3.4395335304057024
4.504244267398131
4.504244267398131
4.321922710604176
3.9164576024960116
3.628775530044231
4.609604783055957
4.24188000293064
4.0987791592899665
3.9736160163359604
4.167772030776918
4.504244267398131
4.408934087593806
3.9736160163359604
3.7623069226687536
3.671335144463027
3.4395335304057024
5.1973914479580765
5.420534999272286
4.408934087593806
3.628775530044231
5.015069891164122
5.708217071724067
4.24188000293064
4.0987791592899665
4.408934087593806
4.504244267398131
4.727387818712341
5.420534999272286
4.609604783055957
4.24188000293064
4.504244267398131
3.9164576024960116
3.9164576024960116
4.0987791592899665
3.5109924943878474
4.0987791592899665
5.1973914479580765
5.420534999272286
5.708217071724067
3.9736160163359604
4.034240638152395
3.9736160163359604
4.24188000293064
4.727387818712341
5.015069891164122
4.167772030776918
4.8609192113368636
4.24188000293064
4.727387818712341
4.24188000293064
4.167772030776918
3.9164576024960116
3.7623069226687536
5.420534999272286
3.9164576024960116
4.8609192113368636
3.5879535355239756
4.727387818712341
4.408934087593806
5.015069891164122
4.504244267398131
4.167772030776918
4.167772030776918
4.034240638152395
4.609604783055957
4.609604783055957
4.0987791592899665
4.24188000293064
4.408934087593806
5.015069891164122
3.671335144463027
4.8609192113368636
4.167772030776918
5.1973914479580765
4.727387818712341
3.14326771426253
4.727387818712341
4.504244267398131
5.1973914479580765
5.015069891164122
4.609604783055957
4.727387818712341
4.727387818712341
3.9164576024960116
4.504244267398131
4.727387818712341
4.321922710604176
4.8609192113368636
3.5109924943878474
4.24188000293064
4.504244267398131
4.8609192113368636
4.321922710604176
4.8609192113368636
4.8609192113368636
4.167772030776918
4.8609192113368636
4.408934087593806
5.1973914479580765
4.504244267398131
4.24188000293064
4.408934087593806
4.727387818712341
4.167772030776918
4.24188000293064
5.015069891164122
4.167772030776918
4.408934087593806
4.8609192113368636
3.5487328223706944
4.504244267398131
4.504244267398131
3.8110970868381857
4.504244267398131
4.034240638152395
4.167772030776918
3.8623903812257363
4.408934087593806
4.504244267398131
6.113682179832232
6.113682179832232
5.420534999272286
5.1973914479580765
4.408934087593806
4.609604783055957
3.9736160163359604
5.420534999272286
4.24188000293064
4.321922710604176
4.321922710604176
2.7814776696570274
4.0987791592899665
3.671335144463027
4.167772030776918
4.727387818712341
4.167772030776918
2.8365374468400546
5.015069891164122
4.24188000293064
4.408934087593806
4.609604783055957
4.504244267398131
4.609604783055957
4.609604783055957
4.321922710604176
3.9164576024960116
4.0987791592899665
4.609604783055957
4.167772030776918
4.8609192113368636
4.8609192113368636
5.1973914479580765
4.504244267398131
6.806829360392176
3.5879535355239756
4.727387818712341
4.167772030776918
4.167772030776918
5.1973914479580765
4.609604783055957
4.24188000293064
4.727387818712341
4.321922710604176
5.420534999272286
3.5879535355239756
4.408934087593806
4.321922710604176
5.015069891164122
5.015069891164122
4.727387818712341
4.727387818712341
4.034240638152395
3.7623069226687536
4.504244267398131
3.9736160163359604
4.8609192113368636
4.504244267398131
4.167772030776918
4.321922710604176
4.727387818712341
4.24188000293064
4.408934087593806
4.24188000293064
5.015069891164122
3.671335144463027
4.8609192113368636
4.408934087593806
4.8609192113368636
4.8609192113368636
4.8609192113368636
4.504244267398131
4.8609192113368636
4.8609192113368636
4.727387818712341
4.24188000293064
4.504244267398131
4.034240638152395
5.015069891164122
4.321922710604176
3.8110970868381857
4.034240638152395
5.1973914479580765
5.015069891164122
4.504244267398131
4.408934087593806
4.321922710604176
5.015069891164122
4.321922710604176
4.167772030776918
5.1973914479580765
4.24188000293064
4.727387818712341
4.504244267398131
4.034240638152395
5.015069891164122
4.167772030776918
3.9164576024960116
4.034240638152395
5.708217071724067
4.609604783055957
5.420534999272286
4.504244267398131
4.034240638152395
4.727387818712341
4.504244267398131
4.408934087593806
4.24188000293064
4.727387818712341
4.504244267398131
5.015069891164122
4.167772030776918
5.1973914479580765
3.9164576024960116
4.609604783055957
5.015069891164122
4.727387818712341
4.727387818712341
4.408934087593806
4.408934087593806
5.015069891164122
4.034240638152395
4.727387818712341
4.0987791592899665
3.9164576024960116
5.015069891164122
3.671335144463027
4.321922710604176
4.609604783055957
4.8609192113368636
5.420534999272286
3.069159742108808
3.14326771426253
4.321922710604176
4.24188000293064
4.609604783055957
4.24188000293064
4.8609192113368636
5.015069891164122
4.727387818712341
3.7623069226687536
