idf
5.418320158942733
3.669120304133474
4.032025797822842
4.239665162601087
3.914242762166459
3.1157350659486873
4.165557190447365
3.403417138400468
4.725172978382788
4.032025797822842
2.169885531832988
4.239665162601087
4.319707870274623
5.012855050834569
4.032025797822842
4.607389942726404
3.8601755408961833
4.165557190447365
3.7600920823392006
3.3081069585961433
4.607389942726404
4.502029427068578
3.338878617262897
3.8088822465086327
3.971401176006408
3.713572066704308
4.502029427068578
4.239665162601087
3.5465179820411414
4.406719247264253
4.239665162601087
3.669120304133474
4.165557190447365
3.8601755408961833
3.6265606897146783
4.406719247264253
3.1936966074183992
4.239665162601087
3.4724100098874198
4.032025797822842
4.406719247264253
4.165557190447365
3.0204248861443626
3.971401176006408
3.8088822465086327
3.8088822465086327
4.319707870274623
3.6265606897146783
4.607389942726404
3.713572066704308
3.6265606897146783
3.585738695194423
3.971401176006408
4.0965643189604135
4.607389942726404
3.7600920823392006
3.5465179820411414
3.5087776540582944
3.5465179820411414
3.914242762166459
3.8601755408961833
3.971401176006408
4.239665162601087
3.971401176006408
4.607389942726404
3.8088822465086327
4.319707870274623
3.713572066704308
3.914242762166459
4.032025797822842
4.032025797822842
2.7441715095162045
3.2782539954464625
4.406719247264253
5.012855050834569
3.403417138400468
4.607389942726404
3.1410528739329773
4.725172978382788
5.418320158942733
3.4724100098874198
3.5465179820411414
4.406719247264253
3.914242762166459
3.8088822465086327
4.165557190447365
3.585738695194423
3.2210955816065137
3.971401176006408
3.7600920823392006
4.239665162601087
3.8088822465086327
3.5087776540582944
3.066944901779255
3.971401176006408
4.239665162601087
3.971401176006408
4.319707870274623
3.7600920823392006
5.012855050834569
3.971401176006408
3.4724100098874198
3.914242762166459
3.914242762166459
4.239665162601087
3.8088822465086327
4.0965643189604135
3.2782539954464625
4.725172978382788
4.725172978382788
3.8088822465086327
4.502029427068578
3.669120304133474
3.5465179820411414
3.4373186900761494
4.406719247264253
4.725172978382788
2.710269957840523
3.8601755408961833
4.239665162601087
4.239665162601087
4.032025797822842
3.4724100098874198
3.8601755408961833
4.032025797822842
5.1951766076285235
4.502029427068578
4.858704371007311
4.725172978382788
3.8088822465086327
4.319707870274623
3.971401176006408
4.858704371007311
3.2210955816065137
4.165557190447365
3.6265606897146783
4.032025797822842
4.239665162601087
4.165557190447365
4.032025797822842
3.914242762166459
3.4724100098874198
3.713572066704308
4.406719247264253
4.032025797822842
4.319707870274623
4.406719247264253
3.5087776540582944
5.012855050834569
3.8601755408961833
4.032025797822842
4.607389942726404
3.6265606897146783
4.032025797822842
4.319707870274623
4.0965643189604135
4.319707870274623
3.6265606897146783
4.165557190447365
3.403417138400468
4.165557190447365
4.725172978382788
3.0204248861443626
3.8088822465086327
4.165557190447365
3.5465179820411414
4.319707870274623
3.971401176006408
4.502029427068578
3.713572066704308
4.406719247264253
4.165557190447365
3.669120304133474
4.0965643189604135
3.8601755408961833
4.725172978382788
4.607389942726404
5.012855050834569
3.914242762166459
3.8601755408961833
3.5087776540582944
4.406719247264253
4.239665162601087
3.7600920823392006
4.0965643189604135
4.858704371007311
5.012855050834569
4.725172978382788
4.032025797822842
3.8601755408961833
4.319707870274623
4.239665162601087
3.971401176006408
4.0965643189604135
3.585738695194423
3.8601755408961833
4.858704371007311
3.8088822465086327
3.6265606897146783
3.971401176006408
4.0965643189604135
3.585738695194423
4.0965643189604135
4.406719247264253
3.914242762166459
4.406719247264253
4.165557190447365
4.319707870274623
4.032025797822842
4.319707870274623
4.607389942726404
5.418320158942733
4.0965643189604135
4.0965643189604135
3.713572066704308
3.8601755408961833
4.032025797822842
3.914242762166459
4.406719247264253
3.971401176006408
4.0965643189604135
4.319707870274623
3.713572066704308
4.406719247264253
4.032025797822842
4.239665162601087
4.406719247264253
4.239665162601087
4.319707870274623
4.239665162601087
4.032025797822842
5.012855050834569
4.032025797822842
3.8601755408961833
4.319707870274623
3.8601755408961833
3.8088822465086327
5.012855050834569
4.0965643189604135
3.914242762166459
4.165557190447365
3.914242762166459
4.406719247264253
4.165557190447365
3.6265606897146783
3.24926645857321
3.7600920823392006
4.319707870274623
3.8088822465086327
4.032025797822842
4.032025797822842
4.607389942726404
4.406719247264253
3.7600920823392006
4.725172978382788
3.403417138400468
3.585738695194423
3.8088822465086327
4.725172978382788
4.239665162601087
3.914242762166459
4.725172978382788
4.239665162601087
4.239665162601087
3.713572066704308
3.971401176006408
4.165557190447365
3.4373186900761494
4.502029427068578
4.406719247264253
4.406719247264253
3.914242762166459
4.725172978382788
4.725172978382788
6.804614520062624
4.725172978382788
3.669120304133474
4.406719247264253
4.502029427068578
4.502029427068578
3.5087776540582944
4.406719247264253
3.2782539954464625
4.725172978382788
4.0965643189604135
3.6265606897146783
4.319707870274623
4.725172978382788
4.725172978382788
3.971401176006408
3.669120304133474
4.502029427068578
4.165557190447365
3.7600920823392006
4.607389942726404
4.607389942726404
4.607389942726404
4.502029427068578
3.7600920823392006
4.319707870274623
4.406719247264253
4.0965643189604135
4.502029427068578
3.5465179820411414
3.713572066704308
4.032025797822842
5.1951766076285235
4.406719247264253
3.8088822465086327
3.8601755408961833
3.8601755408961833
4.319707870274623
4.239665162601087
3.713572066704308
4.502029427068578
5.012855050834569
4.319707870274623
4.239665162601087
4.0965643189604135
3.5465179820411414
4.406719247264253
4.319707870274623
4.725172978382788
4.502029427068578
3.7600920823392006
4.406719247264253
3.4373186900761494
3.5087776540582944
3.8088822465086327
4.165557190447365
3.8601755408961833
3.5465179820411414
4.406719247264253
4.0965643189604135
4.319707870274623
3.971401176006408
4.165557190447365
4.239665162601087
3.914242762166459
4.0965643189604135
3.713572066704308
3.585738695194423
4.406719247264253
3.403417138400468
4.032025797822842
3.8088822465086327
4.406719247264253
4.032025797822842
4.858704371007311
3.6265606897146783
4.607389942726404
4.239665162601087
5.012855050834569
3.8088822465086327
4.165557190447365
4.607389942726404
4.319707870274623
4.406719247264253
4.406719247264253
3.585738695194423
4.502029427068578
4.239665162601087
3.971401176006408
3.914242762166459
3.914242762166459
4.0965643189604135
4.0965643189604135
4.406719247264253
3.914242762166459
4.607389942726404
3.1936966074183992
4.319707870274623
4.607389942726404
5.418320158942733
4.239665162601087
3.6265606897146783
4.032025797822842
4.0965643189604135
4.406719247264253
2.661479793671091
4.406719247264253
4.858704371007311
4.032025797822842
4.0965643189604135
3.971401176006408
4.0965643189604135
4.239665162601087
4.725172978382788
4.0965643189604135
3.914242762166459
4.858704371007311
4.502029427068578
4.858704371007311
3.971401176006408
5.012855050834569
4.319707870274623
4.032025797822842
4.032025797822842
4.502029427068578
4.0965643189604135
4.239665162601087
4.319707870274623
4.502029427068578
3.8601755408961833
3.8601755408961833
4.319707870274623
4.406719247264253
4.607389942726404
3.5465179820411414
5.012855050834569
3.4724100098874198
5.1951766076285235
3.914242762166459
4.239665162601087
4.032025797822842
4.725172978382788
3.338878617262897
5.1951766076285235
4.725172978382788
4.239665162601087
4.165557190447365
3.669120304133474
4.502029427068578
3.585738695194423
4.607389942726404
4.319707870274623
4.725172978382788
4.406719247264253
4.319707870274623
5.012855050834569
4.0965643189604135
5.706002231394514
3.914242762166459
4.607389942726404
5.1951766076285235
4.239665162601087
4.032025797822842
4.607389942726404
3.585738695194423
3.914242762166459
4.319707870274623
4.607389942726404
4.406719247264253
3.8601755408961833
3.585738695194423
4.725172978382788
5.012855050834569
4.502029427068578
4.607389942726404
4.319707870274623
3.1157350659486873
4.607389942726404
4.165557190447365
4.406719247264253
3.403417138400468
4.406719247264253
4.725172978382788
4.858704371007311
3.971401176006408
3.971401176006408
3.914242762166459
4.607389942726404
4.239665162601087
5.418320158942733
4.607389942726404
4.0965643189604135
3.8088822465086327
4.502029427068578
5.1951766076285235
3.914242762166459
4.725172978382788
4.0965643189604135
4.319707870274623
4.165557190447365
3.971401176006408
4.319707870274623
3.971401176006408
4.0965643189604135
5.012855050834569
3.713572066704308
5.1951766076285235
4.607389942726404
4.032025797822842
4.502029427068578
3.971401176006408
4.858704371007311
3.338878617262897
3.585738695194423
4.0965643189604135
4.0965643189604135
4.406719247264253
4.032025797822842
4.406719247264253
5.012855050834569
3.8601755408961833
4.502029427068578
3.2782539954464625
4.319707870274623
3.7600920823392006
6.804614520062624
3.971401176006408
4.165557190447365
4.0965643189604135
4.725172978382788
4.239665162601087
4.319707870274623
4.406719247264253
4.607389942726404
4.607389942726404
4.502029427068578
4.319707870274623
4.502029427068578
4.725172978382788
4.165557190447365
4.607389942726404
3.7600920823392006
3.167028360336238
4.239665162601087
3.403417138400468
3.914242762166459
4.607389942726404
4.0965643189604135
3.6265606897146783
4.319707870274623
5.1951766076285235
4.165557190447365
3.914242762166459
4.239665162601087
5.012855050834569
3.6265606897146783
2.954466918352565
5.012855050834569
4.502029427068578
4.0965643189604135
4.607389942726404
3.8601755408961833
4.502029427068578
4.502029427068578
3.971401176006408
4.239665162601087
4.502029427068578
3.2782539954464625
4.165557190447365
3.914242762166459
4.858704371007311
3.971401176006408
3.6265606897146783
4.502029427068578
4.032025797822842
4.406719247264253
4.239665162601087
3.5465179820411414
4.607389942726404
3.8088822465086327
4.858704371007311
4.319707870274623
4.858704371007311
4.725172978382788
3.971401176006408
3.8601755408961833
3.669120304133474
4.239665162601087
3.971401176006408
5.012855050834569
3.7600920823392006
4.502029427068578
5.418320158942733
5.012855050834569
3.0204248861443626
4.406719247264253
4.607389942726404
4.607389942726404
4.502029427068578
4.0965643189604135
4.858704371007311
4.165557190447365
4.607389942726404
4.0965643189604135
3.669120304133474
4.0965643189604135
4.165557190447365
4.165557190447365
3.914242762166459
4.858704371007311
4.239665162601087
4.502029427068578
3.914242762166459
5.012855050834569
4.607389942726404
4.725172978382788
3.669120304133474
4.032025797822842
4.502029427068578
4.032025797822842
3.8088822465086327
3.8088822465086327
3.914242762166459
4.858704371007311
4.607389942726404
3.7600920823392006
